{
 "cells": [
  {
   "cell_type": "code",
   "execution_count": null,
   "id": "9a6475ab",
   "metadata": {},
   "outputs": [
    {
     "name": "stdout",
     "output_type": "stream",
     "text": [
      "tensor([[[ 1,  2,  3],\n",
      "         [ 4,  5,  6],\n",
      "         [ 7,  8,  9]],\n",
      "\n",
      "        [[10, 11, 12],\n",
      "         [13, 14, 15],\n",
      "         [16, 17, 18]],\n",
      "\n",
      "        [[19, 20, 21],\n",
      "         [22, 23, 24],\n",
      "         [25, 26, 27]]])\n",
      "tensor([[[ 7,  4,  1],\n",
      "         [ 8,  5,  2],\n",
      "         [ 9,  6,  3]],\n",
      "\n",
      "        [[16, 13, 10],\n",
      "         [17, 14, 11],\n",
      "         [18, 15, 12]],\n",
      "\n",
      "        [[25, 22, 19],\n",
      "         [26, 23, 20],\n",
      "         [27, 24, 21]]])\n",
      "\n",
      "\n",
      "tensor([[0, 1, 2],\n",
      "        [3, 4, 5],\n",
      "        [6, 7, 8]])\n",
      "tensor([[8, 7, 6],\n",
      "        [5, 4, 3],\n",
      "        [2, 1, 0]])\n"
     ]
    }
   ],
   "source": [
    "\"\"\"\n",
    "Tensor rotations\n",
    "\"\"\"\n",
    "\n",
    "import torch\n",
    "\n",
    "# 90 degree rotation of 3d tensor around the z axis\n",
    "\n",
    "x = torch.tensor([\n",
    "  [[1, 2, 3],\n",
    "   [4, 5, 6],\n",
    "   [7, 8, 9]],\n",
    "\n",
    "  [[10, 11, 12],\n",
    "   [13, 14, 15],\n",
    "   [16, 17, 18]],\n",
    "\n",
    "  [[19, 20, 21],\n",
    "   [22, 23, 24],\n",
    "   [25, 26, 27]]\n",
    "])\n",
    "print(x)\n",
    "x = x.permute(0, 2, 1)\n",
    "x = torch.flip(x, dims=[2])\n",
    "print(x)\n",
    "\n",
    "print(\"\\n\")\n",
    "\n",
    "# 180 degree rotation of 2d tensor\n",
    "\n",
    "x = torch.tensor([[0, 1, 2], [3, 4, 5], [6, 7, 8]])\n",
    "print(x)\n",
    "x = torch.flip(x, dims = (0, 1))\n",
    "print(x)"
   ]
  },
  {
   "cell_type": "code",
   "execution_count": null,
   "id": "eb3be2a2",
   "metadata": {},
   "outputs": [
    {
     "name": "stdout",
     "output_type": "stream",
     "text": [
      "tensor([ 5,  5,  5,  8,  8,  8,  4,  6, 10, 10, 10,  7,  9,  9,  9,  8])\n",
      "tensor([[[0.8737, 0.5528, 0.5770],\n",
      "         [0.6185, 0.6116, 0.3101],\n",
      "         [0.6372, 0.4567, 0.8060]],\n",
      "\n",
      "        [[0.3298, 0.3033, 0.2653],\n",
      "         [0.0106, 0.8557, 0.1313],\n",
      "         [0.2518, 0.4584, 0.1092]],\n",
      "\n",
      "        [[0.7634, 0.8028, 0.6114],\n",
      "         [0.4391, 0.6004, 0.7546],\n",
      "         [0.3674, 0.8913, 0.2813]]])\n",
      "tensor([[[0.5770, 0.5528, 0.8737],\n",
      "         [0.6185, 0.6116, 0.3101],\n",
      "         [0.8060, 0.4567, 0.6372]],\n",
      "\n",
      "        [[0.2653, 0.3033, 0.3298],\n",
      "         [0.0106, 0.8557, 0.1313],\n",
      "         [0.1092, 0.4584, 0.2518]],\n",
      "\n",
      "        [[0.6114, 0.8028, 0.7634],\n",
      "         [0.4391, 0.6004, 0.7546],\n",
      "         [0.2813, 0.8913, 0.3674]]])\n"
     ]
    }
   ],
   "source": [
    "\"\"\"\n",
    "Tensor views and indexing\n",
    "\"\"\"\n",
    "\n",
    "import torch\n",
    "\n",
    "# finding the largest value in each sliding window\n",
    "\n",
    "x = torch.tensor([1, 3, 5, 3, 4, 8, -3, 4, 1, 6, 10, -2, 4, 7, 9, 2, 4, 8])\n",
    "\n",
    "x = torch.amax(x.unfold(0, 3, 1), 1)\n",
    "print(x)\n",
    "\n",
    "\n",
    "# switching the diagonals on a 3x3 tensor\n",
    "\n",
    "x = torch.rand(3, 3, 3)\n",
    "print(x)\n",
    "\n",
    "index = torch.tensor([\n",
    "  [[2, 1, 0],\n",
    "   [0, 1, 2],\n",
    "   [2, 1, 0]],\n",
    "\n",
    "  [[2, 1, 0],\n",
    "   [0, 1, 2],\n",
    "   [2, 1, 0]],\n",
    "\n",
    "  [[2, 1, 0],\n",
    "   [0, 1, 2],\n",
    "   [2, 1, 0]]\n",
    "])\n",
    "\n",
    "x = torch.gather(x, 2, index)\n",
    "print(x)\n",
    "\n",
    "# circularly shift rows in a 2D tensor given a 1D tensor of shift amounts\n",
    "\n",
    "x = torch.rand(4, 6)\n",
    "print(x)\n",
    "\n",
    "shifts = torch.tensor([1, 2, 3, 5])\n",
    "base = torch.arrange(6)\n",
    "\n",
    "# turn into horizontal and vertical tensors\n",
    "shifts = shifts.unsqueeze(1)\n",
    "base = base.unsqueeze(0)\n",
    "\n",
    "\n",
    "indexes = (base - )\n",
    "\n"
   ]
  }
 ],
 "metadata": {
  "kernelspec": {
   "display_name": "Python 3",
   "language": "python",
   "name": "python3"
  },
  "language_info": {
   "codemirror_mode": {
    "name": "ipython",
    "version": 3
   },
   "file_extension": ".py",
   "mimetype": "text/x-python",
   "name": "python",
   "nbconvert_exporter": "python",
   "pygments_lexer": "ipython3",
   "version": "3.13.5"
  }
 },
 "nbformat": 4,
 "nbformat_minor": 5
}
