{
 "cells": [
  {
   "cell_type": "code",
   "execution_count": null,
   "id": "950bbf44",
   "metadata": {},
   "outputs": [
    {
     "name": "stdout",
     "output_type": "stream",
     "text": [
      "Original tensor:\n",
      "tensor([ 1,  3,  5,  3,  4,  8, -3,  4,  1,  6, 10, -2,  4,  7,  9,  2,  4,  8])\n",
      "\n",
      "\n",
      "Max value per window:\n",
      "tensor([ 5,  5,  5,  8,  8,  8,  4,  6, 10, 10, 10,  7,  9,  9,  9,  8])\n",
      "\n",
      "\n",
      "Original tensor:\n",
      "tensor([[[0.2305, 0.0887, 0.2495],\n",
      "         [0.2267, 0.2038, 0.6351],\n",
      "         [0.2012, 0.2304, 0.3218]],\n",
      "\n",
      "        [[0.3466, 0.5151, 0.8706],\n",
      "         [0.6147, 0.9274, 0.8861],\n",
      "         [0.2861, 0.1986, 0.6178]],\n",
      "\n",
      "        [[0.0638, 0.1078, 0.5703],\n",
      "         [0.8292, 0.3267, 0.4190],\n",
      "         [0.4318, 0.1250, 0.0242]]])\n",
      "\n",
      "\n",
      "Diagonals swapped:\n",
      "tensor([[[0.2012, 0.0887, 0.3218],\n",
      "         [0.2267, 0.2038, 0.6351],\n",
      "         [0.2305, 0.2304, 0.2495]],\n",
      "\n",
      "        [[0.2861, 0.5151, 0.6178],\n",
      "         [0.6147, 0.9274, 0.8861],\n",
      "         [0.3466, 0.1986, 0.8706]],\n",
      "\n",
      "        [[0.4318, 0.1078, 0.0242],\n",
      "         [0.8292, 0.3267, 0.4190],\n",
      "         [0.0638, 0.1250, 0.5703]]])\n",
      "\n",
      "\n",
      "Original tensor:\n",
      "tensor([[0.4054, 0.8881, 0.2399, 0.4808, 0.7113, 0.2123],\n",
      "        [0.8397, 0.8563, 0.3416, 0.2179, 0.0963, 0.3943],\n",
      "        [0.0780, 0.9327, 0.2554, 0.8950, 0.8781, 0.1231],\n",
      "        [0.1779, 0.6559, 0.0618, 0.9624, 0.8820, 0.2097]])\n",
      "\n",
      "\n",
      "Circularly shifted rows:\n",
      "tensor([[0.2123, 0.4054, 0.8881, 0.2399, 0.4808, 0.7113],\n",
      "        [0.0963, 0.3943, 0.8397, 0.8563, 0.3416, 0.2179],\n",
      "        [0.8950, 0.8781, 0.1231, 0.0780, 0.9327, 0.2554],\n",
      "        [0.6559, 0.0618, 0.9624, 0.8820, 0.2097, 0.1779]])\n"
     ]
    }
   ],
   "source": [
    "\"\"\"\n",
    "Tensor views and indexing\n",
    "\"\"\"\n",
    "\n",
    "import torch\n",
    "\n",
    "# finding the largest value in each sliding window\n",
    "\n",
    "x = torch.tensor([1, 3, 5, 3, 4, 8, -3, 4, 1, 6, 10, -2, 4, 7, 9, 2, 4, 8])\n",
    "print(\"Original tensor:\")\n",
    "print(x)\n",
    "print(\"\\n\")\n",
    "\n",
    "x = torch.amax(x.unfold(0, 3, 1), 1)\n",
    "print(\"Max value per window:\")\n",
    "print(x)\n",
    "print(\"\\n\")\n",
    "\n",
    "\n",
    "# switching the diagonals on a 3x3 tensor\n",
    "\n",
    "def switch_diag(x):\n",
    "  B, N, _ = x.shape\n",
    "\n",
    "  row_idx = torch.arange(N).unsqueeze(1).expand(N, N)\n",
    "  col_idx = torch.arange(N).unsqueeze(0).expand(N, N)\n",
    "\n",
    "  row_flip = torch.flip(row_idx, dims=[0])\n",
    "\n",
    "  condition = ((row_idx == col_idx) | (row_idx == N - 1 - col_idx))\n",
    "\n",
    "  indices = torch.where(condition, row_flip, row_idx)\n",
    "  switched = torch.gather(x, 1, indices.unsqueeze(0).expand(B, -1, -1))\n",
    "\n",
    "  return switched\n",
    "\n",
    "x = torch.rand(3, 3, 3)\n",
    "print(\"Original tensor:\")\n",
    "print(x)\n",
    "print(\"\\n\")\n",
    "\n",
    "x = switch_diag(x)\n",
    "\n",
    "print(\"Diagonals swapped:\")\n",
    "print(x)\n",
    "print(\"\\n\")\n",
    "\n",
    "# circularly shift rows in a 2D tensor given a 1D tensor of shift amounts\n",
    "\n",
    "x = torch.rand(4, 6)\n",
    "print(\"Original tensor:\")\n",
    "print(x)\n",
    "print(\"\\n\")\n",
    "\n",
    "shifts = torch.tensor([1, 2, 3, 5])\n",
    "base = torch.arange(6)\n",
    "\n",
    "# turn into horizontal and vertical tensors\n",
    "shifts = shifts.unsqueeze(1)\n",
    "base = base.unsqueeze(0)\n",
    "\n",
    "\n",
    "indexes = (base - shifts) % 6\n",
    "\n",
    "x = torch.gather(x, 1, indexes)\n",
    "print(\"Circularly shifted rows:\")\n",
    "print(x)\n",
    "\n"
   ]
  }
 ],
 "metadata": {
  "language_info": {
   "name": "python"
  }
 },
 "nbformat": 4,
 "nbformat_minor": 5
}
